N=4
M=4
Tolerance=1e-10
y0=0.17123
y1=0
y2=0
y3=0.3076
initial_t=0
final_t=240
save_time=10
tau=0.0001
tau_min=1e-8
tau_max=0.001
P1=8.959163e-07
P2=1.316017e-03
P3=1.631749e-04
P4=3.368584e-03
P5=1.419543e-04
P6=8.754000e-05
P7=3.029401e-03
P8=9.741799e-03
P9=2.706149e+00
P10=0.4615383
P11=0.5136984
output=solution.dat
errorlog=error.log
